theta,correlation rate
-3.14,-0.243814
-3.13372,-0.244424
-3.12744,-0.244565
-3.12116,-0.239901
-3.11488,-0.238402
-3.1086,-0.238134
-3.10232,-0.236443
-3.09604,-0.234425
-3.08976,-0.235396
-3.08348,-0.233977
-3.0772,-0.233389
-3.07092,-0.235801
-3.06464,-0.236762
-3.05836,-0.238434
-3.05208,-0.23959
-3.0458,-0.240817
-3.03952,-0.240596
-3.03324,-0.240084
-3.02696,-0.241445
-3.02068,-0.241819
-3.0144,-0.241948
-3.00812,-0.243172
-3.00184,-0.241771
-2.99556,-0.243098
-2.98928,-0.240975
-2.983,-0.237988
-2.97672,-0.236804
-2.97044,-0.238166
-2.96416,-0.23911
-2.95788,-0.237597
-2.9516,-0.237646
-2.94532,-0.245473
-2.93904,-0.23871
-2.93276,-0.239218
-2.92648,-0.240308
-2.9202,-0.241109
-2.91392,-0.238646
-2.90764,-0.240055
-2.90136,-0.243324
-2.89508,-0.244148
-2.8888,-0.241373
-2.88252,-0.23889
-2.87624,-0.239761
-2.86996,-0.23672
-2.86368,-0.235526
-2.8574,-0.236421
-2.85112,-0.238371
-2.84484,-0.238373
-2.83856,-0.23844
-2.83228,-0.235601
-2.826,-0.231096
-2.81972,-0.231722
-2.81344,-0.23244
-2.80716,-0.234003
-2.80088,-0.234485
-2.7946,-0.23721
-2.78832,-0.23554
-2.78204,-0.233809
-2.77576,-0.232627
-2.76948,-0.232044
-2.7632,-0.233128
-2.75692,-0.234017
-2.75064,-0.234706
-2.74436,-0.23567
-2.73808,-0.236028
-2.7318,-0.243155
-2.72552,-0.244022
-2.71924,-0.246371
-2.71296,-0.246322
-2.70668,-0.24819
-2.7004,-0.247048
-2.69412,-0.244183
-2.68784,-0.243663
-2.68156,-0.24488
-2.67528,-0.244039
-2.669,-0.244102
-2.66272,-0.244771
-2.65644,-0.246218
-2.65016,-0.247751
-2.64388,-0.250168
-2.6376,-0.253221
-2.63132,-0.25311
-2.62504,-0.25547
-2.61876,-0.257275
-2.61248,-0.256662
-2.6062,-0.252451
-2.59992,-0.248318
-2.59364,-0.246395
-2.58736,-0.241625
-2.58108,-0.237775
-2.5748,-0.233516
-2.56852,-0.229561
-2.56224,-0.229106
-2.55596,-0.219735
-2.54968,-0.233757
-2.5434,-0.236423
-2.53712,-0.239592
-2.53084,-0.241284
-2.52456,-0.243123
-2.51828,-0.246613
-2.512,-0.247139
-2.50572,-0.248908
-2.49944,-0.250775
-2.49316,-0.249276
-2.48688,-0.249114
-2.4806,-0.247401
-2.47432,-0.244489
-2.46804,-0.243235
-2.46176,-0.239782
-2.45548,-0.239494
-2.4492,-0.240565
-2.44292,-0.240545
-2.43664,-0.241469
-2.43036,-0.242438
-2.42408,-0.24498
-2.4178,-0.250719
-2.41152,-0.252892
-2.40524,-0.255104
-2.39896,-0.255645
-2.39268,-0.25922
-2.3864,-0.263244
-2.38012,-0.263186
-2.37384,-0.264534
-2.36756,-0.278209
-2.36128,-0.275523
-2.355,-0.275341
-2.34872,-0.275552
-2.34244,-0.277416
-2.33616,-0.279236
-2.32988,-0.278722
-2.3236,-0.275372
-2.31732,-0.27318
-2.31104,-0.272737
-2.30476,-0.274578
-2.29848,-0.273337
-2.2922,-0.27157
-2.28592,-0.268398
-2.27964,-0.268402
-2.27336,-0.265654
-2.26708,-0.266768
-2.2608,-0.266756
-2.25452,-0.276051
-2.24824,-0.276715
-2.24196,-0.277566
-2.23568,-0.280201
-2.2294,-0.284469
-2.22312,-0.285069
-2.21684,-0.285474
-2.21056,-0.285376
-2.20428,-0.285922
-2.198,-0.282377
-2.19172,-0.282214
-2.18544,-0.278763
-2.17916,-0.275447
-2.17288,-0.271943
-2.1666,-0.272105
-2.16032,-0.271305
-2.15404,-0.273055
-2.14776,-0.272319
-2.14148,-0.27198
-2.1352,-0.273516
-2.12892,-0.274074
-2.12264,-0.278254
-2.11636,-0.275604
-2.11008,-0.276202
-2.1038,-0.274488
-2.09752,-0.269739
-2.09124,-0.270365
-2.08496,-0.266818
-2.07868,-0.263879
-2.0724,-0.260634
-2.06612,-0.257983
-2.05984,-0.255658
-2.05356,-0.256446
-2.04728,-0.255532
-2.041,-0.253557
-2.03472,-0.253543
-2.02844,-0.253599
-2.02216,-0.255116
-2.01588,-0.256394
-2.0096,-0.254404
-2.00332,-0.253959
-1.99704,-0.250263
-1.99076,-0.247765
-1.98448,-0.24428
-1.9782,-0.242354
-1.97192,-0.239475
-1.96564,-0.236149
-1.95936,-0.2366
-1.95308,-0.236784
-1.9468,-0.23733
-1.94052,-0.23627
-1.93424,-0.237624
-1.92796,-0.234815
-1.92168,-0.23426
-1.9154,-0.23254
-1.90912,-0.232552
-1.90284,-0.232706
-1.89656,-0.232173
-1.89028,-0.232065
-1.884,-0.231609
-1.87772,-0.229248
-1.87144,-0.229502
-1.86516,-0.230904
-1.85888,-0.230961
-1.8526,-0.23189
-1.84632,-0.232116
-1.84004,-0.232922
-1.83376,-0.233477
-1.82748,-0.22971
-1.8212,-0.22683
-1.81492,-0.224163
-1.80864,-0.221798
-1.80236,-0.216151
-1.79608,-0.217885
-1.7898,-0.213738
-1.78352,-0.214696
-1.77724,-0.21677
-1.77096,-0.218494
-1.76468,-0.218006
-1.7584,-0.215554
-1.75212,-0.216019
-1.74584,-0.213751
-1.73956,-0.21395
-1.73328,-0.212373
-1.727,-0.209966
-1.72072,-0.208596
-1.71444,-0.205825
-1.70816,-0.207465
-1.70188,-0.207907
-1.6956,-0.210598
-1.68932,-0.210243
-1.68304,-0.212138
-1.67676,-0.210129
-1.67048,-0.209357
-1.6642,-0.205779
-1.65792,-0.203146
-1.65164,-0.200371
-1.64536,-0.201917
-1.63908,-0.204043
-1.6328,-0.204613
-1.62652,-0.205549
-1.62024,-0.204637
-1.61396,-0.205524
-1.60768,-0.205662
-1.6014,-0.203687
-1.59512,-0.203541
-1.58884,-0.202522
-1.58256,-0.197131
-1.57628,-0.198065
-1.57,-0.19874
-1.56372,-0.198936
-1.55744,-0.198464
-1.55116,-0.201791
-1.54488,-0.203002
-1.5386,-0.204558
-1.53232,-0.201669
-1.52604,-0.198506
-1.51976,-0.196068
-1.51348,-0.195128
-1.5072,-0.193178
-1.50092,-0.189795
-1.49464,-0.186325
-1.48836,-0.185976
-1.48208,-0.185955
-1.4758,-0.184484
-1.46952,-0.181733
-1.46324,-0.180786
-1.45696,-0.18059
-1.45068,-0.178991
-1.4444,-0.176778
-1.43812,-0.174137
-1.43184,-0.173033
-1.42556,-0.172452
-1.41928,-0.16119
-1.413,-0.159759
-1.40672,-0.159297
-1.40044,-0.159315
-1.39416,-0.159224
-1.38788,-0.160597
-1.3816,-0.160559
-1.37532,-0.160223
-1.36904,-0.159134
-1.36276,-0.158063
-1.35648,-0.157968
-1.3502,-0.154852
-1.34392,-0.153581
-1.33764,-0.149587
-1.33136,-0.149773
-1.32508,-0.148874
-1.3188,-0.144264
-1.31252,-0.141721
-1.30624,-0.139844
-1.29996,-0.142306
-1.29368,-0.145276
-1.2874,-0.142112
-1.28112,-0.142259
-1.27484,-0.142342
-1.26856,-0.142744
-1.26228,-0.144844
-1.256,-0.148368
-1.24972,-0.153723
-1.24344,-0.14865
-1.23716,-0.14754
-1.23088,-0.150123
-1.2246,-0.15104
-1.21832,-0.154412
-1.21204,-0.155381
-1.20576,-0.159048
-1.19948,-0.160308
-1.1932,-0.158954
-1.18692,-0.158264
-1.18064,-0.158281
-1.17436,-0.158389
-1.16808,-0.15842
-1.1618,-0.157234
-1.15552,-0.155526
-1.14924,-0.155634
-1.14296,-0.155182
-1.13668,-0.162765
-1.1304,-0.162736
-1.12412,-0.163281
-1.11784,-0.161828
-1.11156,-0.161272
-1.10528,-0.160636
-1.099,-0.160851
-1.09272,-0.164522
-1.08644,-0.164712
-1.08016,-0.164306
-1.07388,-0.159592
-1.0676,-0.156882
-1.06132,-0.154142
-1.05504,-0.150604
-1.04876,-0.148375
-1.04248,-0.144203
-1.0362,-0.14148
-1.02992,-0.140099
-1.02364,-0.146244
-1.01736,-0.151509
-1.01108,-0.156591
-1.0048,-0.161994
-0.99852,-0.164977
-0.99224,-0.166188
-0.98596,-0.167327
-0.97968,-0.169655
-0.9734,-0.170792
-0.96712,-0.170542
-0.96084,-0.169539
-0.95456,-0.170122
-0.94828,-0.170265
-0.942,-0.166337
-0.93572,-0.163555
-0.92944,-0.157604
-0.92316,-0.154534
-0.91688,-0.154462
-0.9106,-0.151236
-0.90432,-0.147879
-0.89804,-0.146483
-0.89176,-0.142867
-0.88548,-0.140065
-0.8792,-0.136658
-0.87292,-0.134171
-0.86664,-0.134007
-0.86036,-0.130339
-0.85408,-0.128049
-0.8478,-0.129201
-0.84152,-0.132816
-0.83524,-0.132805
-0.82896,-0.135719
-0.82268,-0.137607
-0.8164,-0.13944
-0.81012,-0.139218
-0.80384,-0.137655
-0.79756,-0.136168
-0.79128,-0.134356
-0.785,-0.131518
-0.77872,-0.127436
-0.77244,-0.122181
-0.76616,-0.115853
-0.75988,-0.10935
-0.7536,-0.104061
-0.74732,-0.0997232
-0.74104,-0.0964903
-0.73476,-0.093512
-0.72848,-0.0924154
-0.7222,-0.0895219
-0.71592,-0.0875738
-0.70964,-0.0848941
-0.70336,-0.0865542
-0.69708,-0.092832
-0.6908,-0.100129
-0.68452,-0.106759
-0.67824,-0.112065
-0.67196,-0.11684
-0.66568,-0.120178
-0.6594,-0.120824
-0.65312,-0.120249
-0.64684,-0.115249
-0.64056,-0.112414
-0.63428,-0.106226
-0.628,-0.0977464
-0.62172,-0.0895768
-0.61544,-0.0823059
-0.60916,-0.0752484
-0.60288,-0.0708606
-0.5966,-0.0703039
-0.59032,-0.070025
-0.58404,-0.0728555
-0.57776,-0.0773031
-0.57148,-0.0801081
-0.5652,-0.0821995
-0.55892,-0.0816156
-0.55264,-0.0793486
-0.54636,-0.0773877
-0.54008,-0.0733651
-0.5338,-0.0633913
-0.52752,-0.0542607
-0.52124,-0.043451
-0.51496,-0.0347425
-0.50868,-0.03504
-0.5024,-0.0325681
-0.49612,-0.03441
-0.48984,-0.0412508
-0.48356,-0.0501247
-0.47728,-0.0586394
-0.471,-0.0615407
-0.46472,-0.0629428
-0.45844,-0.055932
-0.45216,-0.0476233
-0.44588,-0.0394031
-0.4396,-0.0342654
-0.43332,-0.0282903
-0.42704,-0.0228716
-0.42076,-0.0144375
-0.41448,-0.011953
-0.4082,-0.00612037
-0.40192,-0.00548957
-0.39564,-0.00780027
-0.38936,-0.00524189
-0.38308,-0.00245395
-0.3768,-0.0026471
-0.37052,0.000624534
-0.36424,0.00966572
-0.35796,0.0174228
-0.35168,0.0265591
-0.3454,0.0349113
-0.33912,0.0441043
-0.33284,0.050963
-0.32656,0.0502029
-0.32028,0.0466131
-0.314,0.0434963
-0.30772,0.0404154
-0.30144,0.0396002
-0.29516,0.0368085
-0.28888,0.0426667
-0.2826,0.0490086
-0.27632,0.0642481
-0.27004,0.0785408
-0.26376,0.0913355
-0.25748,0.102829
-0.2512,0.107611
-0.24492,0.107186
-0.23864,0.10799
-0.23236,0.109019
-0.22608,0.112001
-0.2198,0.113266
-0.21352,0.116019
-0.20724,0.127894
-0.20096,0.135772
-0.19468,0.146205
-0.1884,0.160908
-0.18212,0.175028
-0.17584,0.182655
-0.16956,0.182059
-0.16328,0.187198
-0.157,0.187424
-0.15072,0.185891
-0.14444,0.183982
-0.13816,0.18716
-0.13188,0.199917
-0.1256,0.209658
-0.11932,0.229676
-0.11304,0.247538
-0.10676,0.263808
-0.10048,0.278018
-0.0942,0.289033
-0.08792,0.302563
-0.08164,0.301421
-0.07536,0.305002
-0.06908,0.303484
-0.0628,0.300764
-0.05652,0.305461
-0.05024,0.324352
-0.04396,0.346529
-0.03768,0.394918
-0.0314,0.444249
-0.02512,0.490111
-0.01884,0.548108
-0.01256,0.660329
-0.00628,0.768973
-2.21923e-14,0.790694
0.00628,0.727793
0.01256,0.680115
0.01884,0.58255
0.02512,0.507949
0.0314,0.449852
0.03768,0.401043
0.04396,0.371076
0.05024,0.355934
0.05652,0.347873
0.0628,0.350287
0.06908,0.345109
0.07536,0.328662
0.08164,0.319026
0.08792,0.313208
0.0942,0.288501
0.10048,0.274538
0.10676,0.2587
0.11304,0.241899
0.11932,0.228091
0.1256,0.217879
0.13188,0.212789
0.13816,0.205834
0.14444,0.202578
0.15072,0.194701
0.157,0.178774
0.16328,0.168514
0.16956,0.166062
0.17584,0.163662
0.18212,0.162378
0.1884,0.1566
0.19468,0.148725
0.20096,0.146029
0.20724,0.140616
0.21352,0.133354
0.2198,0.129372
0.22608,0.135902
0.23236,0.134025
0.23864,0.125883
0.24492,0.118742
0.2512,0.110717
0.25748,0.102129
0.26376,0.0902488
0.27004,0.0905514
0.27632,0.0791568
0.2826,0.0709176
0.28888,0.0638132
0.29516,0.0595296
0.30144,0.056457
0.30772,0.0563867
0.314,0.0574836
0.32028,0.0558943
0.32656,0.056409
0.33284,0.05153
0.33912,0.047484
0.3454,0.0498475
0.35168,0.0513676
0.35796,0.0504504
0.36424,0.0441344
0.37052,0.0442625
0.3768,0.0403559
0.38308,0.0375113
0.38936,0.031906
0.39564,0.0295516
0.40192,0.024701
0.4082,0.0210893
0.41448,0.0140404
0.42076,0.00800265
0.42704,0.00561309
0.43332,0.00445956
0.4396,0.00425261
0.44588,0.00264102
0.45216,-0.00467734
0.45844,-0.0105441
0.46472,-0.0143875
0.471,-0.018807
0.47728,-0.0261374
0.48356,-0.03313
0.48984,-0.0396767
0.49612,-0.0479247
0.5024,-0.0512225
0.50868,-0.0526781
0.51496,-0.0485412
0.52124,-0.0437544
0.52752,-0.0444146
0.5338,-0.0451577
0.54008,-0.0482163
0.54636,-0.0479954
0.55264,-0.0505622
0.55892,-0.0517319
0.5652,-0.0556421
0.57148,-0.0531839
0.57776,-0.0543997
0.58404,-0.0556538
0.59032,-0.0559581
0.5966,-0.0539185
0.60288,-0.0512423
0.60916,-0.0525488
0.61544,-0.0538154
0.62172,-0.0595562
0.628,-0.0646954
0.63428,-0.0675935
0.64056,-0.0695775
0.64684,-0.0733012
0.65312,-0.0793396
0.6594,-0.08629
0.66568,-0.0935467
0.67196,-0.0971197
0.67824,-0.0979216
0.68452,-0.100724
0.6908,-0.0969973
0.69708,-0.0968806
0.70336,-0.0916711
0.70964,-0.0887706
0.71592,-0.0889909
0.7222,-0.0864419
0.72848,-0.0826569
0.73476,-0.0819359
0.74104,-0.0834146
0.74732,-0.0839757
0.7536,-0.0854703
0.75988,-0.0904635
0.76616,-0.0979357
0.77244,-0.105163
0.77872,-0.10982
0.785,-0.114124
0.79128,-0.118414
0.79756,-0.120504
0.80384,-0.12251
0.81012,-0.124793
0.8164,-0.126733
0.82268,-0.127414
0.82896,-0.129221
0.83524,-0.128513
0.84152,-0.12749
0.8478,-0.127889
0.85408,-0.12734
0.86036,-0.128808
0.86664,-0.127682
0.87292,-0.124989
0.8792,-0.122663
0.88548,-0.120909
0.89176,-0.12159
0.89804,-0.124438
0.90432,-0.127023
0.9106,-0.131928
0.91688,-0.135166
0.92316,-0.139961
0.92944,-0.144669
0.93572,-0.145484
0.942,-0.145656
0.94828,-0.14149
0.95456,-0.141548
0.96084,-0.142265
0.96712,-0.145668
0.9734,-0.14546
0.97968,-0.145563
0.98596,-0.143471
0.99224,-0.142663
0.99852,-0.142636
1.0048,-0.142226
1.01108,-0.139302
1.01736,-0.132468
1.02364,-0.128061
1.02992,-0.124886
1.0362,-0.124728
1.04248,-0.124318
1.04876,-0.119629
1.05504,-0.123314
1.06132,-0.120546
1.0676,-0.127808
1.07388,-0.133456
1.08016,-0.139875
1.08644,-0.140305
1.09272,-0.140586
1.099,-0.137399
1.10528,-0.135937
1.11156,-0.127145
1.11784,-0.121615
1.12412,-0.116849
1.1304,-0.111098
1.13668,-0.107779
1.14296,-0.10822
1.14924,-0.106392
1.15552,-0.0966187
1.1618,-0.0926364
1.16808,-0.0950494
1.17436,-0.097243
1.18064,-0.0978788
1.18692,-0.098036
1.1932,-0.100586
1.19948,-0.0959366
1.20576,-0.0941398
1.21204,-0.092739
1.21832,-0.0933979
1.2246,-0.0943519
1.23088,-0.0957433
1.23716,-0.0989719
1.24344,-0.100836
1.24972,-0.102751
1.256,-0.100685
1.26228,-0.10256
1.26856,-0.10122
1.27484,-0.0997825
1.28112,-0.0916368
1.2874,-0.0851031
1.29368,-0.0757715
1.29996,-0.0645178
1.30624,-0.0627565
1.31252,-0.0536616
1.3188,-0.0553228
1.32508,-0.0590322
1.33136,-0.0635125
1.33764,-0.059859
1.34392,-0.0591676
1.3502,-0.0577511
1.35648,-0.053556
1.36276,-0.0489119
1.36904,-0.0440323
1.37532,-0.0386556
1.3816,-0.0318664
1.38788,-0.0297099
1.39416,-0.0284034
1.40044,-0.0254806
1.40672,-0.0274528
1.413,-0.0309071
1.41928,-0.0302772
1.42556,-0.0288632
1.43184,-0.0296753
1.43812,-0.0251786
1.4444,-0.0150543
1.45068,-0.012393
1.45696,-0.0150184
1.46324,-0.0172171
1.46952,-0.0199251
1.4758,-0.0249601
1.48208,-0.0290946
1.48836,-0.0246524
1.49464,-0.0295711
1.50092,-0.0316235
1.5072,-0.0347372
1.51348,-0.0368974
1.51976,-0.0402501
1.52604,-0.0427897
1.53232,-0.0365667
1.5386,-0.0382118
1.54488,-0.037596
1.55116,-0.0292874
1.55744,-0.0353065
1.56372,-0.0445308
1.57,-0.0471975
1.57628,-0.0467118
1.58256,-0.0457223
1.58884,-0.0399595
1.59512,-0.0352043
1.6014,-0.0309079
1.60768,-0.0277332
1.61396,-0.0278372
1.62024,-0.0270705
1.62652,-0.0302619
1.6328,-0.0339263
1.63908,-0.0380157
1.64536,-0.0394611
1.65164,-0.0404364
1.65792,-0.0444419
1.6642,-0.0432648
1.67048,-0.0387044
1.67676,-0.0276866
1.68304,-0.0272028
1.68932,-0.0257197
1.6956,-0.0200132
1.70188,-0.0220904
1.70816,-0.0235203
1.71444,-0.0230296
1.72072,-0.0160449
1.727,-0.0145262
1.73328,-0.0186192
1.73956,-0.0187688
1.74584,-0.0188459
1.75212,-0.0200365
1.7584,-0.0160243
1.76468,-0.00777229
1.77096,-0.00753905
1.77724,-0.00889239
1.78352,-0.0206838
1.7898,-0.0205134
1.79608,-0.0167743
1.80236,-0.0207726
1.80864,-0.025158
1.81492,-0.0289358
1.8212,-0.0298564
1.82748,-0.0319204
1.83376,-0.0245994
1.84004,-0.0256247
1.84632,-0.0291293
1.8526,-0.03139
1.85888,-0.0326812
1.86516,-0.031938
1.87144,-0.0299028
1.87772,-0.0263655
1.884,-0.0286406
1.89028,-0.0275654
1.89656,-0.029419
1.90284,-0.0397012
1.90912,-0.0416247
1.9154,-0.0422869
1.92168,-0.045977
1.92796,-0.0493628
1.93424,-0.0522196
1.94052,-0.0529935
1.9468,-0.05378
1.95308,-0.05625
1.95936,-0.0614298
1.96564,-0.0639037
1.97192,-0.0644849
1.9782,-0.0661222
1.98448,-0.0659396
1.99076,-0.0692111
1.99704,-0.0721774
2.00332,-0.0703884
2.0096,-0.0705009
2.01588,-0.0709064
2.02216,-0.0718428
2.02844,-0.0736423
2.03472,-0.0817916
2.041,-0.08316
2.04728,-0.0871713
2.05356,-0.0890363
2.05984,-0.0882643
2.06612,-0.0863599
2.0724,-0.0850417
2.07868,-0.0838015
2.08496,-0.0837011
2.09124,-0.0857292
2.09752,-0.0868491
2.1038,-0.0896069
2.11008,-0.0916794
2.11636,-0.0937867
2.12264,-0.101394
2.12892,-0.10246
2.1352,-0.102
2.14148,-0.0989293
2.14776,-0.0995682
2.15404,-0.100581
2.16032,-0.0998542
2.1666,-0.0948059
2.17288,-0.100395
2.17916,-0.109859
2.18544,-0.113057
2.19172,-0.112395
2.198,-0.117197
2.20428,-0.122825
2.21056,-0.128303
2.21684,-0.132959
2.22312,-0.141626
2.2294,-0.142624
2.23568,-0.144017
2.24196,-0.144008
2.24824,-0.145865
2.25452,-0.146586
2.2608,-0.150206
2.26708,-0.148966
2.27336,-0.149503
2.27964,-0.148829
2.28592,-0.147935
2.2922,-0.152148
2.29848,-0.163053
2.30476,-0.163588
2.31104,-0.164591
2.31732,-0.165305
2.3236,-0.165135
2.32988,-0.174198
2.33616,-0.172622
2.34244,-0.172094
2.34872,-0.172799
2.355,-0.173885
2.36128,-0.174816
2.36756,-0.17671
2.37384,-0.178618
2.38012,-0.180072
2.3864,-0.182644
2.39268,-0.183037
2.39896,-0.183439
2.40524,-0.180091
2.41152,-0.189772
2.4178,-0.190195
2.42408,-0.191166
2.43036,-0.190641
2.43664,-0.189907
2.44292,-0.188702
2.4492,-0.188982
2.45548,-0.187792
2.46176,-0.185054
2.46804,-0.184602
2.47432,-0.182005
2.4806,-0.188483
2.48688,-0.189625
2.49316,-0.191289
2.49944,-0.19099
2.50572,-0.191917
2.512,-0.196851
2.51828,-0.199179
2.52456,-0.208715
2.53084,-0.211369
2.53712,-0.213433
2.5434,-0.215362
2.54968,-0.213185
2.55596,-0.213701
2.56224,-0.2099
2.56852,-0.208717
2.5748,-0.21502
2.58108,-0.220374
2.58736,-0.220495
2.59364,-0.216937
2.59992,-0.219838
2.6062,-0.22976
2.61248,-0.234656
2.61876,-0.238018
2.62504,-0.241236
2.63132,-0.251234
2.6376,-0.255637
2.64388,-0.260193
2.65016,-0.260755
2.65644,-0.260176
2.66272,-0.256571
2.669,-0.252295
2.67528,-0.250049
2.68156,-0.248653
2.68784,-0.247751
2.69412,-0.255098
2.7004,-0.259127
2.70668,-0.268681
2.71296,-0.269635
2.71924,-0.268021
2.72552,-0.27063
2.7318,-0.267774
2.73808,-0.267168
2.74436,-0.265023
2.75064,-0.263137
2.75692,-0.261621
2.7632,-0.259902
2.76948,-0.264194
2.77576,-0.266312
2.78204,-0.265005
2.78832,-0.268853
2.7946,-0.271179
2.80088,-0.27671
2.80716,-0.279992
2.81344,-0.279422
2.81972,-0.278375
2.826,-0.275574
2.83228,-0.276259
2.83856,-0.275877
2.84484,-0.274499
2.85112,-0.273075
2.8574,-0.284183
2.86368,-0.28775
2.86996,-0.291211
2.87624,-0.293442
2.88252,-0.288617
2.8888,-0.293145
2.89508,-0.292675
2.90136,-0.291932
2.90764,-0.292918
2.91392,-0.288673
2.9202,-0.287318
2.92648,-0.286852
2.93276,-0.286702
2.93904,-0.288456
2.94532,-0.287769
2.9516,-0.283427
2.95788,-0.283038
2.96416,-0.284524
2.97044,-0.283782
2.97672,-0.285102
2.983,-0.28282
2.98928,-0.282059
2.99556,-0.278653
3.00184,-0.274389
3.00812,-0.276023
3.0144,-0.27598
3.02068,-0.269453
3.02696,-0.269838
3.03324,-0.269619
3.03952,-0.268437
3.0458,-0.266676
3.05208,-0.264337
3.05836,-0.259743
3.06464,-0.259999
3.07092,-0.256908
3.0772,-0.258338
3.08348,-0.259306
3.08976,-0.253608
3.09604,-0.253675
3.10232,-0.256731
3.1086,-0.254857
3.11488,-0.250627
3.12116,-0.244507
3.12744,-0.248732
3.13372,-0.247141
