p_x,loss
-50,0.267376
-49.9,0.264322
-49.8,0.2627
-49.7,0.26149
-49.6,0.260691
-49.5,0.260305
-49.4,0.260331
-49.3,0.260769
-49.2,0.261618
-49.1,0.26288
-49,0.264554
-48.9,0.261409
-48.8,0.25979
-48.7,0.258589
-48.6,0.257805
-48.5,0.257439
-48.4,0.257491
-48.3,0.25796
-48.2,0.258846
-48.1,0.26015
-48,0.260753
-47.9,0.258727
-47.8,0.257122
-47.7,0.255939
-47.6,0.255178
-47.5,0.254838
-47.4,0.25492
-47.3,0.255424
-47.2,0.256349
-47.1,0.257696
-47,0.258266
-46.9,0.256239
-46.8,0.25464
-46.7,0.253469
-46.6,0.252727
-46.5,0.252412
-46.4,0.252525
-46.3,0.253066
-46.2,0.254036
-46.1,0.255433
-46,0.255911
-45.9,0.25382
-45.8,0.252164
-45.7,0.250943
-45.6,0.250158
-45.5,0.249808
-45.4,0.249893
-45.3,0.250414
-45.2,0.251369
-45.1,0.25276
-45,0.252937
-44.9,0.250826
-44.8,0.249156
-44.7,0.247927
-44.6,0.247139
-44.5,0.246793
-44.4,0.246888
-44.3,0.247423
-44.2,0.248401
-44.1,0.249819
-44,0.249926
-43.9,0.247814
-43.8,0.246146
-43.7,0.24492
-43.6,0.244138
-43.5,0.243798
-43.4,0.243902
-43.3,0.24445
-43.2,0.24544
-43.1,0.246874
-43,0.247094
-42.9,0.244934
-42.8,0.243223
-42.7,0.241961
-42.6,0.241146
-42.5,0.240781
-42.4,0.240864
-42.3,0.241395
-42.2,0.242375
-42.1,0.243803
-42,0.243881
-41.9,0.241613
-41.8,0.239796
-41.7,0.23843
-41.6,0.237515
-41.5,0.237052
-41.4,0.23704
-41.3,0.237479
-41.2,0.238369
-41.1,0.239711
-41,0.239585
-40.9,0.237198
-40.8,0.235265
-40.7,0.233786
-40.6,0.232761
-40.5,0.23219
-40.4,0.232073
-40.3,0.23241
-40.2,0.233201
-40.1,0.234446
-40,0.234274
-39.9,0.231826
-39.8,0.229834
-39.7,0.228299
-39.6,0.227222
-39.5,0.226601
-39.4,0.226437
-39.3,0.22673
-39.2,0.22748
-39.1,0.228687
-39,0.228541
-38.9,0.226091
-38.8,0.2241
-38.7,0.222569
-38.6,0.221497
-38.5,0.220884
-38.4,0.22073
-38.3,0.221037
-38.2,0.221802
-38.1,0.223027
-38,0.222959
-37.9,0.220543
-37.8,0.21859
-37.7,0.2171
-37.6,0.216073
-37.5,0.21551
-37.4,0.215409
-37.3,0.215772
-37.2,0.216598
-37.1,0.217887
-37,0.21794
-36.9,0.215619
-36.8,0.213762
-36.7,0.212369
-36.6,0.211439
-36.5,0.210973
-36.4,0.21097
-36.3,0.211431
-36.2,0.212356
-36.1,0.213745
-36,0.213942
-35.9,0.211711
-35.8,0.209946
-35.7,0.208646
-35.6,0.207812
-35.5,0.207444
-35.4,0.207542
-35.3,0.208105
-35.2,0.209134
-35.1,0.210629
-35,0.210971
-34.9,0.208746
-34.8,0.206989
-34.7,0.2057
-34.6,0.204879
-34.5,0.204527
-34.4,0.204642
-34.3,0.205226
-34.2,0.206279
-34.1,0.207799
-34,0.208202
-33.9,0.205834
-33.8,0.203935
-33.7,0.202506
-33.6,0.201546
-33.5,0.201055
-33.4,0.201034
-33.3,0.201482
-33.2,0.202399
-33.1,0.203786
-33,0.204099
-32.9,0.201614
-32.8,0.199598
-32.7,0.198051
-32.6,0.196973
-32.5,0.196364
-32.4,0.196224
-32.3,0.196553
-32.2,0.197352
-32.1,0.198619
-32,0.198863
-31.9,0.196328
-31.8,0.19426
-31.7,0.19266
-31.6,0.191528
-31.5,0.190863
-31.4,0.190667
-31.3,0.190939
-31.2,0.191678
-31.1,0.192885
-31,0.193123
-30.9,0.190559
-30.8,0.188463
-30.7,0.186834
-30.6,0.185672
-30.5,0.184977
-30.4,0.184749
-30.3,0.184988
-30.2,0.185694
-30.1,0.186867
-30,0.187125
-29.9,0.184611
-29.8,0.182563
-29.7,0.180982
-29.6,0.179867
-29.5,0.179219
-29.4,0.179038
-29.3,0.179323
-29.2,0.180074
-29.1,0.181292
-29,0.181645
-28.9,0.179188
-28.8,0.177195
-28.7,0.175666
-28.6,0.174601
-28.5,0.173999
-28.4,0.173861
-28.3,0.174187
-28.2,0.174976
-28.1,0.17623
-28,0.176661
-27.9,0.174262
-27.8,0.172324
-27.7,0.170846
-27.6,0.169828
-27.5,0.169271
-27.4,0.169175
-27.3,0.169538
-27.2,0.170362
-27.1,0.171647
-27,0.172148
-26.9,0.169777
-26.8,0.167862
-26.7,0.166405
-26.6,0.165405
-26.5,0.164863
-26.4,0.164777
-26.3,0.165148
-26.2,0.165977
-26.1,0.167262
-26,0.167801
-25.9,0.165458
-25.8,0.16357
-25.7,0.162135
-25.6,0.161154
-25.5,0.160626
-25.4,0.160553
-25.3,0.160933
-25.2,0.161767
-25.1,0.163055
-25,0.163632
-24.9,0.161353
-24.8,0.159525
-24.7,0.158147
-24.6,0.15722
-24.5,0.156744
-24.4,0.156718
-24.3,0.157143
-24.2,0.158018
-24.1,0.159344
-24,0.15999
-23.9,0.157662
-23.8,0.155782
-23.7,0.15435
-23.6,0.153365
-23.5,0.152827
-23.4,0.152737
-23.3,0.153094
-23.2,0.153899
-23.1,0.155151
-23,0.155757
-22.9,0.153231
-22.8,0.151149
-22.7,0.149511
-22.6,0.148318
-22.5,0.147569
-22.4,0.147265
-22.3,0.147404
-22.2,0.147988
-22.1,0.149017
-22,0.149447
-21.9,0.14681
-21.8,0.144614
-21.7,0.142859
-21.6,0.141545
-21.5,0.140673
-21.4,0.140241
-21.3,0.140251
-21.2,0.140703
-21.1,0.141595
-21,0.141946
-20.9,0.139407
-20.8,0.137306
-20.7,0.135643
-20.6,0.134418
-20.5,0.133631
-20.4,0.133283
-20.3,0.133373
-20.2,0.133901
-20.1,0.134867
-20,0.135341
-19.9,0.133015
-19.8,0.131125
-19.7,0.12967
-19.6,0.12865
-19.5,0.128066
-19.4,0.127916
-19.3,0.128202
-19.2,0.128923
-19.1,0.130079
-19,0.130777
-18.9,0.128657
-18.8,0.126969
-18.7,0.125713
-18.6,0.124889
-18.5,0.124498
-18.4,0.124538
-18.3,0.125011
-18.2,0.125917
-18.1,0.127254
-18,0.128155
-17.9,0.126105
-17.8,0.124485
-17.7,0.123294
-17.6,0.122532
-17.5,0.122199
-17.4,0.122296
-17.3,0.122822
-17.2,0.123778
-17.1,0.125162
-17,0.126127
-16.9,0.123933
-16.8,0.122165
-16.7,0.120824
-16.6,0.119909
-16.5,0.119421
-16.4,0.119359
-16.3,0.119723
-16.2,0.120514
-16.1,0.121731
-16,0.122555
-15.9,0.120138
-15.8,0.118143
-15.7,0.116573
-15.6,0.115425
-15.5,0.114702
-15.4,0.114402
-15.3,0.114525
-15.2,0.115073
-15.1,0.116043
-15,0.116663
-14.9,0.114174
-14.8,0.112105
-14.7,0.110457
-14.6,0.109231
-14.5,0.108424
-14.4,0.108039
-14.3,0.108074
-14.2,0.10853
-14.1,0.109407
-14,0.10998
-13.9,0.107589
-13.8,0.105616
-13.7,0.104062
-13.6,0.102925
-13.5,0.102206
-13.4,0.101906
-13.3,0.102023
-13.2,0.102559
-13.1,0.103512
-13,0.104201
-12.9,0.102037
-12.8,0.100289
-12.7,0.098956
-12.6,0.0980383
-12.5,0.0975358
-12.4,0.0974486
-12.3,0.0977767
-12.2,0.0985201
-12.1,0.0996787
-12,0.100598
-11.9,0.0986178
-11.8,0.0970501
-11.7,0.0958949
-11.6,0.0951523
-11.5,0.0948223
-11.4,0.0949048
-11.3,0.0954
-11.2,0.0963077
-11.1,0.0976279
-11,0.0987227
-10.9,0.0967102
-10.8,0.0951076
-10.7,0.0939149
-10.6,0.0931322
-10.5,0.0927593
-10.4,0.0927964
-10.3,0.0932433
-10.2,0.0941002
-10.1,0.095367
-10,0.0964246
-9.9,0.0942453
-9.8,0.0924732
-9.7,0.0911084
-9.6,0.090151
-9.5,0.0896008
-9.4,0.0894579
-9.3,0.0897222
-9.2,0.0903939
-9.1,0.0914728
-9,0.0923699
-8.9,0.0900885
-8.8,0.0882118
-8.7,0.0867398
-8.6,0.0856725
-8.5,0.0850099
-8.4,0.084752
-8.3,0.0848987
-8.2,0.0854502
-8.1,0.0864063
-8,0.0872146
-7.9,0.0851399
-7.8,0.0834674
-7.7,0.0821969
-7.6,0.0813286
-7.5,0.0808625
-7.4,0.0807984
-7.3,0.0811365
-7.2,0.0818767
-7.1,0.0830191
-7,0.0840393
-6.9,0.0823983
-6.8,0.0811569
-6.7,0.0803151
-6.6,0.0798729
-6.5,0.0798303
-6.4,0.0801872
-6.3,0.0809438
-6.2,0.0821
-6.1,0.0836558
-6,0.0850842
-5.9,0.0836041
-5.8,0.0825212
-5.7,0.0818353
-5.6,0.0815466
-5.5,0.081655
-5.4,0.0821604
-5.3,0.083063
-5.2,0.0843626
-5.1,0.0860594
-5,0.0876144
-4.9,0.0857169
-4.8,0.084214
-4.7,0.0831058
-4.6,0.0823922
-4.5,0.0820732
-4.4,0.0821489
-4.3,0.0826192
-4.2,0.0834841
-4.1,0.0847437
-4,0.0858765
-3.9,0.0829725
-3.8,0.0804608
-3.7,0.0783413
-3.6,0.076614
-3.5,0.0752788
-3.4,0.0743359
-3.3,0.0737852
-3.2,0.0736267
-3.1,0.0738604
-3,0.0740322
-2.9,0.0699488
-2.8,0.0662552
-2.7,0.0629514
-2.6,0.0600375
-2.5,0.0575134
-2.4,0.0553791
-2.3,0.0536346
-2.2,0.0522799
-2.1,0.051315
-2,0.0504328
-1.9,0.0455835
-1.8,0.0411217
-1.7,0.0370474
-1.6,0.0333606
-1.5,0.0300613
-1.4,0.0271496
-1.3,0.0246253
-1.2,0.0224885
-1.1,0.0207393
-1,0.019261
-0.9,0.0156014
-0.8,0.012327
-0.7,0.00943789
-0.6,0.00693396
-0.5,0.00481525
-0.4,0.00308176
-0.3,0.00173349
-0.2,0.00077044
-0.1,0.00019261
4.41619e-13,1.16204e-27
0.1,0.000191479
0.2,0.000765917
0.3,0.00172331
0.4,0.00306367
0.5,0.00478698
0.6,0.00689325
0.7,0.00938248
0.8,0.0122547
0.9,0.0155098
1,0.019261
1.1,0.0206151
1.2,0.0223545
1.3,0.0244792
1.4,0.0269891
1.5,0.0298842
1.6,0.0331647
1.7,0.0368304
1.8,0.0408813
1.9,0.0453175
2,0.0504328
2.1,0.0510058
2.2,0.0519665
2.3,0.0533147
2.4,0.0550506
2.5,0.057174
2.6,0.0596851
2.7,0.0625838
2.8,0.06587
2.9,0.0695439
3,0.0740322
3.1,0.073412
3.2,0.0731819
3.3,0.0733417
3.4,0.0738915
3.5,0.0748313
3.6,0.076161
3.7,0.0778808
3.8,0.0799905
3.9,0.0824902
4,0.0858765
4.1,0.084236
4.2,0.0829875
4.3,0.0821308
4.4,0.081666
4.5,0.0815932
4.6,0.0819122
4.7,0.0826231
4.8,0.083726
4.9,0.0852207
5,0.0876144
5.1,0.0855375
5.2,0.0838549
5.3,0.0825666
5.4,0.0816726
5.5,0.081173
5.6,0.0810676
5.7,0.0813567
5.8,0.08204
5.9,0.0831177
6,0.0850842
6.1,0.083145
6.2,0.0816027
6.3,0.0804571
6.4,0.0797083
6.5,0.0793563
6.6,0.0794011
6.7,0.0798427
6.8,0.0806811
6.9,0.0819163
7,0.0840393
7.1,0.0825087
7.2,0.0813773
7.3,0.0806452
7.4,0.0803123
7.5,0.0803788
7.6,0.0808446
7.7,0.0817096
7.8,0.0829739
7.9,0.0846375
8,0.0872146
8.1,0.0858686
8.2,0.0849241
8.3,0.084381
8.4,0.0842393
8.5,0.0844991
8.6,0.0851604
8.7,0.0862231
8.8,0.0876872
8.9,0.0895528
9,0.0923699
9.1,0.0908994
9.2,0.0898329
9.3,0.0891704
9.4,0.088912
9.5,0.0890575
9.6,0.089607
9.7,0.0905606
9.8,0.0919181
9.9,0.0936797
10,0.0964246
10.1,0.0947649
10.2,0.0935119
10.3,0.0926654
10.4,0.0922256
10.5,0.0921923
10.6,0.0925656
10.7,0.0933456
10.8,0.0945321
10.9,0.0961252
11,0.0987227
11.1,0.0970074
11.2,0.0957013
11.3,0.0948044
11.4,0.0943168
11.5,0.0942383
11.6,0.0945691
11.7,0.0953091
11.8,0.0964583
11.9,0.0980167
12,0.100598
12.1,0.0990408
12.2,0.0978954
12.3,0.0971619
12.4,0.0968402
12.5,0.0969304
12.6,0.0974325
12.7,0.0983465
12.8,0.0996723
12.9,0.10141
13,0.104201
13.1,0.102845
13.2,0.101903
13.3,0.101377
13.4,0.101264
13.5,0.101567
13.6,0.102283
13.7,0.103415
13.8,0.104961
13.9,0.106921
14,0.10998
14.1,0.108697
14.2,0.107832
14.3,0.107384
14.4,0.107353
14.5,0.107739
14.6,0.108543
14.7,0.109764
14.8,0.111403
14.9,0.113458
15,0.116663
15.1,0.115284
15.2,0.114326
15.3,0.113787
15.4,0.113669
15.5,0.113971
15.6,0.114692
15.7,0.115834
15.8,0.117396
15.9,0.119378
16,0.122555
16.1,0.120929
16.2,0.119726
16.3,0.118946
16.4,0.118588
16.5,0.118653
16.6,0.119142
16.7,0.120053
16.8,0.121386
16.9,0.123143
17,0.126127
17.1,0.124332
17.2,0.122963
17.3,0.122019
17.4,0.121501
17.5,0.121408
17.6,0.121741
17.7,0.1225
17.8,0.123685
17.9,0.125295
18,0.128155
18.1,0.126404
18.2,0.125082
18.3,0.124188
18.4,0.123722
18.5,0.123686
18.6,0.124077
18.7,0.124898
18.8,0.126147
18.9,0.127824
19,0.130777
19.1,0.129204
19.2,0.128061
19.3,0.127351
19.4,0.127071
19.5,0.127224
19.6,0.127807
19.7,0.128823
19.8,0.130269
19.9,0.132148
20,0.135341
20.1,0.133953
20.2,0.132999
20.3,0.13248
20.4,0.132396
20.5,0.132745
20.6,0.13353
20.7,0.134748
20.8,0.136402
20.9,0.138489
21,0.141946
21.1,0.140628
21.2,0.139748
21.3,0.139305
21.4,0.1393
21.5,0.139732
21.6,0.140602
21.7,0.141909
21.8,0.143653
21.9,0.145835
22,0.149447
22.1,0.147992
22.2,0.146977
22.3,0.146402
22.4,0.146268
22.5,0.146574
22.6,0.147321
22.7,0.148508
22.8,0.150136
22.9,0.152204
23,0.155757
23.1,0.154076
23.2,0.152839
23.3,0.152045
23.4,0.151695
23.5,0.151788
23.6,0.152325
23.7,0.153306
23.8,0.15473
23.9,0.156598
24,0.15999
24.1,0.158232
24.2,0.156922
24.3,0.156058
24.4,0.155641
24.5,0.15567
24.6,0.156146
24.7,0.157069
24.8,0.158439
24.9,0.160255
25,0.163632
25.1,0.161909
25.2,0.160636
25.3,0.159814
25.4,0.159441
25.5,0.159518
25.6,0.160044
25.7,0.161021
25.8,0.162447
25.9,0.164324
26,0.167801
26.1,0.166078
26.2,0.164808
26.3,0.163991
26.4,0.163627
26.5,0.163716
26.6,0.164258
26.7,0.165253
26.8,0.166701
26.9,0.168603
27,0.172148
27.1,0.170422
27.2,0.169153
27.3,0.168341
27.4,0.167984
27.5,0.168084
27.6,0.168641
27.7,0.169653
27.8,0.171122
27.9,0.173047
28,0.176661
28.1,0.174963
28.2,0.173725
28.3,0.172947
28.4,0.172629
28.5,0.17277
28.6,0.17337
28.7,0.174431
28.8,0.175951
28.9,0.17793
29,0.181645
29.1,0.179981
29.2,0.17878
29.3,0.178042
29.4,0.177767
29.5,0.177955
29.6,0.178606
29.7,0.17972
29.8,0.181297
29.9,0.183337
30,0.187125
30.1,0.185509
30.2,0.184359
30.3,0.183675
30.4,0.183458
30.5,0.183707
30.6,0.184423
30.7,0.185605
30.8,0.187254
30.9,0.189369
31,0.193123
31.1,0.191472
31.2,0.190291
31.3,0.18958
31.4,0.189339
31.5,0.189567
31.6,0.190266
31.7,0.191434
31.8,0.193072
31.9,0.19518
32,0.198863
32.1,0.197143
32.2,0.195897
32.3,0.195123
32.4,0.194823
32.5,0.194997
32.6,0.195643
32.7,0.196763
32.8,0.198357
32.9,0.200424
33,0.204099
33.1,0.202261
33.2,0.200899
33.3,0.200015
33.4,0.199607
33.5,0.199676
33.6,0.200222
33.7,0.201245
33.8,0.202745
33.9,0.204722
34,0.208202
34.1,0.206235
34.2,0.204748
34.3,0.203742
34.4,0.203217
34.5,0.203171
34.6,0.203607
34.7,0.204523
34.8,0.205919
34.9,0.207796
35,0.210971
35.1,0.209024
35.2,0.207561
35.3,0.206582
35.4,0.206087
35.5,0.206076
35.6,0.20655
35.7,0.207508
35.8,0.20895
35.9,0.210876
36,0.213942
36.1,0.212095
36.2,0.210735
36.3,0.209863
36.4,0.209478
36.5,0.209582
36.6,0.210174
36.7,0.211254
36.8,0.212821
36.9,0.214876
37,0.21794
37.1,0.216185
37.2,0.214922
37.3,0.214151
37.4,0.213871
37.5,0.214083
37.6,0.214786
37.7,0.215981
37.8,0.217668
37.9,0.219847
38,0.222959
38.1,0.221255
38.2,0.220047
38.3,0.219334
38.4,0.219117
38.5,0.219396
38.6,0.22017
38.7,0.221439
38.8,0.223204
38.9,0.225465
39,0.228541
39.1,0.226837
39.2,0.225632
39.3,0.224927
39.4,0.224721
39.5,0.225014
39.6,0.225807
39.7,0.227099
39.8,0.22889
39.9,0.231181
40,0.234274
40.1,0.232526
40.2,0.231281
40.3,0.230539
40.4,0.230301
40.5,0.230566
40.6,0.231334
40.7,0.232606
40.8,0.234381
40.9,0.23666
41,0.239585
41.1,0.23773
41.2,0.236382
41.3,0.235541
41.4,0.235207
41.5,0.235381
41.6,0.236062
41.7,0.23725
41.8,0.238946
41.9,0.241148
42,0.243881
42.1,0.241898
42.2,0.240424
42.3,0.239459
42.4,0.239002
42.5,0.239055
42.6,0.239617
42.7,0.240688
42.8,0.242268
42.9,0.244357
43,0.247094
43.1,0.245049
43.2,0.243516
43.3,0.242494
43.4,0.241983
43.5,0.241983
43.6,0.242494
43.7,0.243517
43.8,0.245051
43.9,0.247096
44,0.249926
44.1,0.247892
44.2,0.246372
44.3,0.245367
44.4,0.244875
44.5,0.244896
44.6,0.245432
44.7,0.246482
44.8,0.248046
44.9,0.250124
45,0.252937
45.1,0.250891
45.2,0.249361
45.3,0.248346
45.4,0.247846
45.5,0.247862
45.6,0.248393
45.7,0.249439
45.8,0.251001
45.9,0.253079
46,0.255911
46.1,0.25384
46.2,0.252284
46.3,0.251243
46.4,0.250717
46.5,0.250707
46.6,0.251211
46.7,0.252231
46.8,0.253766
46.9,0.255816
47,0.258266
47.1,0.256223
47.2,0.254696
47.3,0.253685
47.4,0.253189
47.5,0.253209
47.6,0.253744
47.7,0.254795
47.8,0.256361
47.9,0.258443
48,0.260753
48.1,0.258714
48.2,0.257191
48.3,0.256186
48.4,0.255698
48.5,0.255727
48.6,0.256273
48.7,0.257336
48.8,0.258916
48.9,0.261013
49,0.263445
49.1,0.261406
49.2,0.259883
49.3,0.258875
49.4,0.258383
49.5,0.258407
49.6,0.258946
49.7,0.260001
49.8,0.261572
49.9,0.263659
